TYPE Fists Chest Pound Fists
PIECE Handle 1.20 1.20 1.25 70 170 70 0 0 0 1 0 0 0 1 0 0 0 1
PIECE Cuff 1.30 1.30 0.35 150 95 45 0 0 0.7 1 0 0 0 1 0 0 0 1
PIECE Knuckles 1.25 0.35 0.50 200 240 255 0 0.1 -0.55 1 0 0 0 1 0 0 0 1
OFFGRIP 0 -1 0 1 0 -0 0 6.123233995736766e-17 1 0 -1 6.123233995736766e-17
OFFPIECE Handle 1.20 1.20 1.25 70 170 70 0 0 0 1 0 0 0 1 0 0 0 1
OFFPIECE Cuff 1.30 1.30 0.35 150 95 45 0 0 0.7 1 0 0 0 1 0 0 0 1
OFFPIECE Knuckles 1.25 0.35 0.50 200 240 255 0 0.1 -0.55 1 0 0 0 1 0 0 0 1
TYPE Hammer Eraser Hammer
PIECE Handle 0.40 0.40 1.20 200 60 60 0 0 0 1 0 0 0 1 0 0 0 1
PIECE Shaft 0.34 0.34 2.80 200 60 60 0 0 -1.9 1 0 0 0 1 0 0 0 1
PIECE Pommel 0.55 0.55 0.45 40 40 60 0 0 0.75 1 0 0 0 1 0 0 0 1
PIECE Head 2.40 1.40 1.40 245 240 225 0 0 -3.8 1 0 0 0 1 0 0 0 1
PIECE FaceL 0.30 1.60 1.60 40 40 60 -1.25 0 -3.8 1 0 0 0 1 0 0 0 1
PIECE FaceR 0.30 1.60 1.60 40 40 60 1.25 0 -3.8 1 0 0 0 1 0 0 0 1
PIECE Band 2.50 0.30 1.50 200 240 255 0 0 -3.8 1 0 0 0 1 0 0 0 1
TYPE Daggers Delete Key
PIECE Handle 0.30 0.30 0.70 200 60 60 0 0 0 1 0 0 0 1 0 0 0 1
PIECE Guard 0.90 0.25 0.25 40 40 60 0 0 -0.45 1 0 0 0 1 0 0 0 1
PIECE Blade 0.22 0.50 1.70 245 240 225 0 0 -1.4 1 0 0 0 1 0 0 0 1
PIECE Edge 0.24 0.12 1.60 200 240 255 0 0.22 -1.4 1 0 0 0 1 0 0 0 1
PIECE Tip 0.22 0.30 0.30 245 240 225 0 0.05 -2.35 1 0 0 0 1 0 0 0 1
OFFGRIP 0 -1 0 1 0 -0 0 6.123233995736766e-17 1 0 -1 6.123233995736766e-17
OFFPIECE Handle 0.30 0.30 0.70 200 60 60 0 0 0 1 0 0 0 1 0 0 0 1
OFFPIECE Guard 0.90 0.25 0.25 40 40 60 0 0 -0.45 1 0 0 0 1 0 0 0 1
OFFPIECE Blade 0.22 0.50 1.70 245 240 225 0 0 -1.4 1 0 0 0 1 0 0 0 1
OFFPIECE Edge 0.24 0.12 1.60 200 240 255 0 0.22 -1.4 1 0 0 0 1 0 0 0 1
OFFPIECE Tip 0.22 0.30 0.30 245 240 225 0 0.05 -2.35 1 0 0 0 1 0 0 0 1
TYPE Scythe Vine Scythe
PIECE Handle 0.34 0.34 1.20 90 55 30 0 0 0 1 0 0 0 1 0 0 0 1
PIECE Pole 0.30 0.30 5.40 90 55 30 0 0 -2.4 1 0 0 0 1 0 0 0 1
PIECE Butt 0.45 0.45 0.40 150 95 45 0 0 0.75 1 0 0 0 1 0 0 0 1
PIECE Collar 0.50 0.50 0.50 150 95 45 0 0 -5.1 1 0 0 0 1 0 0 0 1
PIECE Blade 2.40 0.18 0.70 70 170 70 1.3 0 -5.1 1 0 0 0 1 0 0 0 1
PIECE Blade2 1.40 0.18 0.55 70 170 70 2.9 0 -4.75 0.882947592858927 0 -0.4694715627858908 0 1 0 0.4694715627858908 0 0.882947592858927
PIECE Point 0.70 0.18 0.35 70 170 70 3.75 0 -4.2 0.5735764363510462 0 -0.8191520442889918 0 1 0 0.8191520442889918 0 0.5735764363510462
PIECE Edge 2.40 0.20 0.14 200 240 255 1.3 0 -4.78 1 0 0 0 1 0 0 0 1
TYPE Katana Gelatinous Edge
PIECE Handle 0.30 0.34 1.30 30 80 40 0 0 0 1 0 0 0 1 0 0 0 1
PIECE Guard 0.85 0.85 0.16 40 140 60 0 0 -0.62 1 0 0 0 1 0 0 0 1
PIECE Blade 0.16 0.42 4.40 110 230 90 0 0 -2.95 1 0 0 0 1 0 0 0 1
PIECE Edge 0.18 0.10 4.30 200 240 255 0 0.2 -2.95 1 0 0 0 1 0 0 0 1
PIECE Tip 0.16 0.30 0.40 110 230 90 0 0.1 -5.3 1 0 -0 0 0.9659258262890683 0.25881904510252074 0 -0.25881904510252074 0.9659258262890683
